RG-15
     1.000371    0.003310
     0.997636    0.003744
     0.992823    0.004580
     0.987191    0.005629
     0.980981    0.006801
     0.974504    0.008010
     0.967955    0.009196
     0.961360    0.010345
     0.954710    0.011458
     0.948002    0.012536
     0.941232    0.013584
     0.934404    0.014610
     0.927529    0.015621
     0.920621    0.016621
     0.913699    0.017610
     0.906772    0.018587
     0.899846    0.019551
     0.892921    0.020503
     0.885995    0.021444
     0.879064    0.022374
     0.872128    0.023295
     0.865186    0.024206
     0.858240    0.025108
     0.851289    0.026000
     0.844337    0.026884
     0.837383    0.027758
     0.830428    0.028623
     0.823472    0.029480
     0.816516    0.030327
     0.809559    0.031165
     0.802601    0.031995
     0.795642    0.032815
     0.788681    0.033626
     0.781720    0.034429
     0.774758    0.035222
     0.767794    0.036006
     0.760829    0.036781
     0.753864    0.037547
     0.746897    0.038304
     0.739930    0.039052
     0.732962    0.039791
     0.725993    0.040521
     0.719024    0.041242
     0.712054    0.041953
     0.705085    0.042654
     0.698115    0.043346
     0.691144    0.044029
     0.684173    0.044701
     0.677201    0.045364
     0.670228    0.046017
     0.663255    0.046661
     0.656282    0.047294
     0.649308    0.047917
     0.642334    0.048530
     0.635360    0.049133
     0.628387    0.049725
     0.621414    0.050306
     0.614441    0.050877
     0.607469    0.051436
     0.600496    0.051984
     0.593524    0.052521
     0.586551    0.053046
     0.579578    0.053560
     0.572603    0.054062
     0.565628    0.054552
     0.558652    0.055031
     0.551676    0.055498
     0.544700    0.055953
     0.537725    0.056397
     0.530750    0.056828
     0.523777    0.057246
     0.516804    0.057651
     0.509833    0.058043
     0.502864    0.058422
     0.495895    0.058787
     0.488927    0.059138
     0.481959    0.059474
     0.474991    0.059797
     0.468024    0.060105
     0.461056    0.060398
     0.454089    0.060676
     0.447123    0.060940
     0.440157    0.061188
     0.433193    0.061421
     0.426230    0.061638
     0.419268    0.061839
     0.412309    0.062023
     0.405351    0.062191
     0.398396    0.062341
     0.391442    0.062473
     0.384491    0.062588
     0.377541    0.062685
     0.370593    0.062762
     0.363647    0.062821
     0.356704    0.062861
     0.349762    0.062881
     0.342823    0.062881
     0.335886    0.062860
     0.328951    0.062819
     0.322020    0.062756
     0.315092    0.062671
     0.308168    0.062564
     0.301247    0.062434
     0.294331    0.062281
     0.287420    0.062104
     0.280514    0.061902
     0.273614    0.061675
     0.266719    0.061422
     0.259831    0.061141
     0.252948    0.060833
     0.246072    0.060497
     0.239203    0.060132
     0.232340    0.059736
     0.225485    0.059310
     0.218638    0.058852
     0.211800    0.058361
     0.204971    0.057837
     0.198152    0.057278
     0.191345    0.056683
     0.184551    0.056051
     0.177771    0.055380
     0.171007    0.054670
     0.164260    0.053918
     0.157531    0.053124
     0.150820    0.052284
     0.144127    0.051398
     0.137452    0.050464
     0.130794    0.049479
     0.124156    0.048441
     0.117545    0.047348
     0.110970    0.046199
     0.104444    0.044993
     0.097976    0.043730
     0.091568    0.042404
     0.085212    0.041010
     0.078891    0.039538
     0.072588    0.037979
     0.066319    0.036325
     0.060148    0.034587
     0.054172    0.032789
     0.048474    0.030952
     0.043039    0.029068
     0.037765    0.027096
     0.032502    0.024962
     0.027261    0.022635
     0.022512    0.020316
     0.018659    0.018256
     0.015606    0.016476
     0.013072    0.014862
     0.010854    0.013319
     0.008824    0.011770
     0.006911    0.010153
     0.005198    0.008525
     0.003817    0.007048
     0.002763    0.005793
     0.001953    0.004735
     0.001328    0.003820
     0.000849    0.003000
     0.000489    0.002237
     0.000231    0.001506
     0.000067    0.000785
     0.000001    0.000056
     0.000046   -0.000696
     0.000227   -0.001451
     0.000549   -0.002210
     0.001020   -0.002979
     0.001650   -0.003764
     0.002450   -0.004571
     0.003429   -0.005404
     0.004589   -0.006264
     0.005971   -0.007149
     0.007634   -0.008056
     0.009639   -0.008981
     0.012029   -0.009930
     0.014842   -0.010941
     0.018152   -0.012032
     0.022025   -0.013189
     0.026468   -0.014373
     0.031445   -0.015540
     0.036903   -0.016658
     0.042740   -0.017705
     0.048840   -0.018680
     0.055126   -0.019587
     0.061544   -0.020424
     0.068052   -0.021190
     0.074624   -0.021892
     0.081252   -0.022535
     0.087933   -0.023124
     0.094661   -0.023663
     0.101429   -0.024160
     0.108231   -0.024617
     0.115058   -0.025037
     0.121907   -0.025423
     0.128773   -0.025777
     0.135653   -0.026102
     0.142546   -0.026400
     0.149450   -0.026673
     0.156366   -0.026922
     0.163292   -0.027149
     0.170227   -0.027355
     0.177170   -0.027541
     0.184120   -0.027708
     0.191077   -0.027858
     0.198039   -0.027991
     0.205007   -0.028109
     0.211980   -0.028211
     0.218958   -0.028299
     0.225940   -0.028373
     0.232927   -0.028435
     0.239917   -0.028484
     0.246911   -0.028521
     0.253909   -0.028548
     0.260909   -0.028563
     0.267911   -0.028569
     0.274916   -0.028565
     0.281922   -0.028551
     0.288929   -0.028528
     0.295938   -0.028496
     0.302948   -0.028455
     0.309960   -0.028405
     0.316973   -0.028347
     0.323987   -0.028282
     0.331002   -0.028208
     0.338018   -0.028126
     0.345036   -0.028037
     0.352054   -0.027941
     0.359073   -0.027837
     0.366093   -0.027727
     0.373114   -0.027610
     0.380136   -0.027486
     0.387157   -0.027355
     0.394179   -0.027217
     0.401202   -0.027074
     0.408224   -0.026923
     0.415246   -0.026767
     0.422269   -0.026604
     0.429290   -0.026434
     0.436312   -0.026258
     0.443333   -0.026076
     0.450354   -0.025887
     0.457374   -0.025692
     0.464393   -0.025490
     0.471412   -0.025281
     0.478429   -0.025064
     0.485445   -0.024841
     0.492459   -0.024609
     0.499470   -0.024369
     0.506477   -0.024121
     0.513478   -0.023865
     0.520474   -0.023598
     0.527463   -0.023322
     0.534445   -0.023035
     0.541422   -0.022735
     0.548392   -0.022423
     0.555358   -0.022097
     0.562322   -0.021757
     0.569285   -0.021401
     0.576250   -0.021032
     0.583218   -0.020650
     0.590190   -0.020254
     0.597168   -0.019847
     0.604153   -0.019430
     0.611144   -0.019001
     0.618144   -0.018564
     0.625151   -0.018118
     0.632165   -0.017665
     0.639187   -0.017206
     0.646215   -0.016742
     0.653248   -0.016274
     0.660286   -0.015804
     0.667327   -0.015332
     0.674369   -0.014860
     0.681412   -0.014388
     0.688453   -0.013917
     0.695491   -0.013447
     0.702527   -0.012979
     0.709560   -0.012513
     0.716589   -0.012050
     0.723615   -0.011591
     0.730637   -0.011136
     0.737655   -0.010685
     0.744671   -0.010240
     0.751683   -0.009800
     0.758693   -0.009367
     0.765700   -0.008940
     0.772705   -0.008521
     0.779709   -0.008110
     0.786710   -0.007707
     0.793710   -0.007312
     0.800707   -0.006927
     0.807701   -0.006551
     0.814692   -0.006185
     0.821680   -0.005830
     0.828664   -0.005486
     0.835644   -0.005155
     0.842621   -0.004836
     0.849595   -0.004530
     0.856566   -0.004239
     0.863534   -0.003962
     0.870500   -0.003700
     0.877463   -0.003453
     0.884422   -0.003224
     0.891375   -0.003011
     0.898320   -0.002817
     0.905257   -0.002642
     0.912185   -0.002489
     0.919104   -0.002358
     0.926015   -0.002252
     0.932917   -0.002170
     0.939810   -0.002114
     0.946691   -0.002086
     0.953555   -0.002085
     0.960388   -0.002116
     0.967155   -0.002182
     0.973807   -0.002285
     0.980260   -0.002431
     0.986376   -0.002622
     0.991993   -0.002856
     0.996864   -0.003124
     0.999629   -0.003310
